17
56
87
6
50
91
74
85
71
83
93
38
71
71
64
46
1
17
60
49
60
79
38
95
36
57
61
56
76
16
68
67
5
57
9
42
79
71
39
83
84
85
28
46
67
95
76
57
8
18
93
87
52
5
48
38
19
92
69
93
31
18
9
55
15
27
34
14
62
22
66
29
77
76
65
75
51
92
28
41
80
4
49
59
22
81
16
99
10
71
24
86
3
46
53
66
77
73
31
41
62
63
95
85
51
65
10
76
40
73
87
26
65
28
13
27
69
50
34
34
11
34
4
90
97
80
27
32
23
98
98
78
61
87
79
17
9
64
8
57
72
40
60
37
84
97
22
74
33
27
97
27
39
97
30
29
60
5
87
71
39
77
53
41
75
9
65
77
49
95
18
6
42
76
62
71
73
66
7
1
59
52
99
96
2
71
39
64
58
51
57
5
76
37
18
94
86
20
62
75
33
45
25
37
9
91
85
63
36
59
55
93
98
87
13
87
78
57
39
4
70
1
20
98
39
13
29
5
58
67
84
54
5
31
67
14
27
62
88
10
86
75
29
99
95
64
7
89
25
31
17
30
80
58
6
32
25
27
98
95
63
80
5
68
74
2
88
67
20
98
60
16
69
30
18
94
72
21
3
74
7
40
80
28
51
54
74
46
26
35
88
1
64
92
47
6
71
60
25
94
76
39
69
27
71
1
61
51
41
11
60
5
24
25
88
24
1
77
17
20
28
43
42
84
10
60
52
76
82
13
24
12
95
9
98
67
70
53
56
51
93
24
6
15
75
83
76
39
4
24
6
94
43
5
67
34
97
84
18
11
49
85
68
28
87
49
10
16
27
22
53
47
21
66
27
5
37
27
10
26
84
13
72
59
7
29
68
90
41
65
70
86
36
46
2
9
55
77
28
26
74
60
13
82
71
58
74
76
78
63
96
70
74
92
27
36
13
10
22
58
80
19
75
61
51
67
12
75
65
19
49
59
99
83
51
24
99
90
88
48
55
91
13
78
68
1
12
43
19
66
95
46
56
70
46
56
85
52
31
4
47
99
12
59
14
37
71
90
41
3
37
22
22
73
4
89
6
96
93
51
56
68
56
98
23
4
4
29
38
95
39
48
59
84
2
55
79
53
64
31
29
21
3
16
29
74
25
83
66
56
50
88
58
80
48
79
43
13
37
11
34
42
53
46
63
88
63
37
71
48
10
53
33
62
22
35
66
41
70
49
78
20
62
81
46
51
89
78
36
23
13
66
17
53
97
87
68
57
52
41
12
87
12
19
47
96
55
96
59
13
13
3
43
88
33
15
79
71
99
12
99
84
2
49
35
43
36
80
65
34
67
10
88
29
38
91
8
44
35
49
96
93
20
23
10
11
23
29
21
82
8
97
57
40
41
27
86
63
83
4
60
75
32
25
46
4
14
14
51
42
7
36
36
51
16
6
65
78
39
25
20
8
59
82
27
70
52
48
88
11
5
45
60
31
88
22
62
94
77
6
96
9
77
79
76
72
61
7
25
35
62
8
24
59
83
53
16
49
98
75
52
66
26
40
37
62
76
5
62
94
44
70
2
34
29
12
31
80
6
54
10
46
24
53
48
96
21
1
48
36
6
13
95
2
54
31
83
38
42
15
96
56
44
31
91
92
7
90
31
72
23
35
43
44
66
6
42
73
91
40
41
75
57
27
88
32
74
99
80
97
28
92
39
91
58
53
2
93
62
56
90
31
70
75
14
71
69
52
36
48
88
10
46
3
74
22
98
18
42
60
18
8
11
33
44
30
96
52
86
13
5
49
11
36
50
10
5
82
13
17
62
23
64
32
9
18
47
36
17
37
55
83
51
3
39
83
21
38
31
84
74
17
65
23
44
40
98
11
53
64
17
17
6
25
97
95
43
78
24
26
82
60
36
50
58
21
98
9
96
66
89
67
51
29
43
45
57
41
88
69
20
37
83
52
20
39
78
26
5
44
40
43
14
5
2
15
81
16
65
23
41
90
14
86
75
50
65
76
82
53
38
2
89
54
7
46
76
83
30
20
42
73
4
53
27
47
53
47
27
28
63
42
76
66
29
29
24
97
77
70
73
3
43
52
6
38
53
59
97
55
38
98
85
46
81
68
86
60
59
29
96
19
49
55
89
95
26
24
26
78
23
79
6
60
46
40
31
52
47
88
93
94
49
71
90
64
56
31
84
61
43
63
38
48
74
54
53
87
63
10
13
29
33
20
33
59
93
26
99
41
37
34
13
70
36
2
70
77
65
25
